      -1.7033257036930127      -0.3427150277947524      84.9881322066386105       0.2124066355286459
       5.8210131893144190       4.2893124227036621      85.4855690396024954       0.2127880261612475
      -0.7665114046573857       0.7617999848777511      85.4044599133494273       0.2128190133242896
       3.9539623621801785     -11.4501216110177992      85.2390155310712174       0.2126874124502923
     -11.8812688792089816       8.9888099884372537      85.5110277667608187       0.2133726710295663
       2.8452764457184032      -3.3581433356429553      84.5287365332559091       0.2123881547805581
      -5.5627815979584305      -1.4912112015555423      84.8495244622493061       0.2126528292793056
     -20.9942923184720769      14.0981648610915613      84.6303069883352350       0.2133194613618700
      10.0403349957993377     -18.8144975355274333      84.6602371394776441       0.2125362085211099
      -6.2470958883874950       5.9158371358945088      85.0264418505776405       0.2125183038391509
      12.1060266025725003      13.5364994526659501      84.7779042175369142       0.2133837996502444
     -18.6283547354874486     -24.4821002558370786      84.9242283667831970       0.2129797825960081
       0.1455361799897826      -0.6480249328673260      85.0629917588560573       0.2125295192383118
     -27.8047901863363833       3.8036983365071944      84.7759913856704088       0.2125024827898667
      -0.7259575424634346       1.6504960913002702      84.9937748623986238       0.2124668590679964
      -7.2966692192167217      -6.1292897292554178      85.5219172444880940       0.2132863544374520
      12.5351667447452559      -3.6584980512883991      84.9767874371871699       0.2128229109135614
       2.9901548870883703       1.0836530849604757      84.5100873777632984       0.2124372461243240
       7.9076131865276951     -25.5384710857794417      84.6500644075144919       0.2134422334901621
       7.8026938532751817      11.7837689448205367      85.4563428573797808       0.2125881445730000
      -5.3967985555851623       2.0821992942915837      84.5677078667719684       0.2125434442267855
     -14.5479806116260431      14.4257726971622802      84.6929460258206319       0.2123882832873742
      -2.0623314223495481       6.1267813359387908      84.3612241733776358       0.2134127600627524
      -6.8086671830453787     -10.7693631297263135      84.8624907908571657       0.2133424314332562
       4.4343085513829044      -5.4782812688032427      84.8525434483264860       0.2124165645625553
     -23.7207429326034358      -0.2079192747205314      84.5574326374979961       0.2123891934965341
      -3.8278909769794658       1.0134662168809274      84.7965373414695165       0.2124090316650946
      18.6641830023412929       8.1714240051425460      84.5035725245760005       0.2123990211359714
       4.5596436508400489      -4.7910982856351358      85.4628366751081927       0.2123891529703816
      15.3709730171426262       0.5733062354890509      85.2685381638079605       0.2124537362505788
       1.9493026986011188      -1.2835284625154457      84.8350170449614183       0.2124485851583044
      -5.9713419768753910      -2.9683014202962061      84.2481990492314310       0.2130281864504530
       5.4857576929450031      15.8086376313216181      84.7788817684077713       0.2125730738111732
      -3.5932285731425928      -6.9879047140296349      85.1616972743811402       0.2133371774279654
      15.4190539368714550     -12.5937024535875572      85.2997956577767553       0.2130753278013565
     -24.1467359576669836       1.9608061876189076      85.0878375656253638       0.2134484296256805
      -0.0460193999007493       0.6106069304131927      85.0146423141128338       0.2124995190025558
       4.1022788146352536      10.3308840042016943      85.1056945857529428       0.2131580919804038
       0.1887777710820966      -0.0726362114001171      84.2595624840696047       0.2124020378192440
      18.7822438085880847     -11.3048173790033424      84.7508469270781148       0.2124249972608197
       9.1364840698393195      -2.2556237990139136      85.4814780697177667       0.2127943929194607
       4.2260203755248060      13.6663810921066791      84.7647308880099217       0.2125218801692915
       0.0862293728190366       0.2130917965532682      84.2271420085271103       0.2128921036619928
       8.7849055044803883      -1.0410523102945983      84.8446334410015766       0.2125767884870318
       0.0321851488561478      -0.4259068355933596      85.2774428598021785       0.2129725197226248
      -2.6393489934286758       7.2264217310023797      85.0441696130632039       0.2129888992561414
       6.2965747336741202       0.2022511326025810      85.1913018102706872       0.2129587285795997
       9.7204123518663064      29.0117598398977599      85.0674281178086176       0.2132274571567787
      -8.8145317761711368       1.0914320399591539      84.8073967766133734       0.2133802914647818
       1.5799132215127543       5.2717272014166490      85.4601979942843002       0.2134066243842812
     -17.4281021728319168      -4.5605807626662891      84.7839204578010595       0.2131357772874527
       3.7816486597521934      -1.3510752841099247      84.9616020603000663       0.2133813084782280
       0.1345734350598120       4.2451106127457612      84.8436944117422058       0.2132817825116679
      17.1388006522745435      -3.5288402337096589      85.5693259035410847       0.2126695128617842
       3.0375574661432196      -0.3504388591881184      85.5925332357936384       0.2125207881144450
       4.9983235187101744      -1.1742612071531866      84.8961249549719952       0.2123879245312701
       0.1402960228372285       0.1404066756999340      85.2333954880329117       0.2124257322046518
      -3.1864554605642765      14.4281202249319733      85.0273897636592579       0.2134396802160088
      -3.4405784862069102       1.1056380898198412      84.5710364287104426       0.2127229210949731
      -1.3785052584233033      -3.1884222678540981      84.7174738320058509       0.2134389164198340
      -1.6502917781788404       0.2396602567221301      84.2403506017815005       0.2132203743811742
       6.9841032511137557       6.5576806964657663      85.0432653983231006       0.2127539837739606
      -6.5759379685146717     -11.5307444622619641      85.2325934143375150       0.2124069704309491
       4.9605556664655346       2.9247849609685428      85.3702685663716920       0.2129850085240464
      -0.7790135292290483      -1.5738688016478701      85.3064027903802611       0.2132091467703859
      25.5704384065920713      -1.7875543756082288      85.3761193337819009       0.2130667200592187
       4.9616899118842950      -2.3576525177858976      85.0489985765909324       0.2128838712672426
     -15.2229437369697198      -3.9356872277948374      84.4221447603994335       0.2129798570125906
       1.9604767344277938       2.9433130826563030      85.1376854444566220       0.2132335143771248
      -1.0882039224516469       1.0526328808730285      84.9362979672794438       0.2128613087391526
       4.9728882429337444      -5.5190536197065247      85.0397800601038938       0.2127419432990329
       0.9678350419988299      -1.9691797268119280      85.0937696599403921       0.2125281906701818
       0.0188929550658077      -0.0073358358798803      85.0346982618038965       0.2130296166740549
      -1.4038757745876784       0.5721016812058088      84.7543460030017002       0.2123950621959257
       0.6690416118795248      -0.9222075881791614      85.0684128829414448       0.2133080501021236
       4.5708400657040054      -3.8537684192833925      85.6397763190730785       0.2127809984882396
      -0.3254418625682001      -4.0774555500904190      85.0434479479679766       0.2131910090551409
      -5.1113384423946222      10.7045548642925361      85.0284799010491668       0.2132728554323065
       2.5713849252666243      -0.5082011559556892      84.6421234716242310       0.2132520201811945
     -14.2711582864559041      -3.7827337135503329      85.6934318146601584       0.2126791398951847
      17.0650007460503907      -5.8618076817428442      84.8278294442824574       0.2126397593578498
      -2.0251777867898419       3.2788713062145596      85.1412987596685156       0.2129975366415305
       0.1357656794735284      -0.1489780981191211      85.5194110054871857       0.2126029476913841
      -0.4562808677359266       1.2050246514793497      84.7112250216171532       0.2133464408016290
      -7.4080379113562111       0.5734469180089971      85.3168810860922662       0.2125333166748379
      10.1815077065289543       2.9410448123165267      84.5762842434558735       0.2126976977410349
      -1.1635607788349867      -4.6239035275013052      85.1124671407133349       0.2124673731585336
       5.6241346556334948      11.4933228206299223      85.4635791255354604       0.2124821511260268
       2.3556019828687051      -0.8147387399428379      85.0197250126021089       0.2131028915801474
      -1.3239043736728520      14.5537489222427787      85.2518107142891068       0.2131795576172417
       4.4518213155024107      -4.4984531010592699      85.1535108754868304       0.2131315795879433
       4.1747769129634467       5.6971866013883412      85.3570435506658924       0.2125787485165233
      -7.9659110812060900       6.5162814337545232      84.5687761038475827       0.2131386292402990
      -3.5194900909617060      27.7762318855609607      84.9559904889205768       0.2134433305435504
       8.3810991766869272      22.7886732498752487      84.5975019609638110       0.2128457374113241
      -7.2920468466479580     -13.5321707842609165      85.5693683965396303       0.2132306300603019
       0.6326046013979127      -0.0725548320269297      85.1785481758139014       0.2132822924578445
       4.0906430653446799       2.7398932908579643      85.0659886898747999       0.2132341535577534
       5.8921946886483036      20.2684537439773997      85.0729710355022064       0.2129300700341347
       0.0249943057866027      -0.0043292708292274      85.0341468433957033       0.2131638512022382
